[[-0.48811549  0.70240857 -0.48594239  1.99249159  0.95952336 -0.23279073
  -2.29949133  0.68230576  2.74338637 -0.15776153]
 [ 1.68241944  0.86637297  1.13687531  0.66182277  0.23829639 -0.70514432
   0.99738686 -0.31231814  0.62957702  0.44025777]
 [ 0.28909893  0.64455478 -0.15143036  1.63340282 -0.20958358  0.07612061
  -0.64918861 -0.56250125 -0.28541115 -0.81932083]
 [ 0.14985492  1.11870121 -0.22401104  1.29865378 -1.18227174 -0.27194718
   0.71114746  1.16247397 -0.41340322 -0.49730381]]

[[-7.97567504e-01  7.17283122e-01  1.14235462e-01 -5.27781711e-03
  -1.57212053e-01  1.49545502e-01  2.59338675e-01  1.31375591e+00
   1.13449662e+00  9.81619209e-01 -3.46576177e-01 -4.73902572e-01
   8.11077249e-02  1.02579268e+00 -7.17858479e-01  2.65865463e+00
   1.68282851e+00 -7.98546143e-01  8.89722777e-02  5.27055467e-01]
 [ 4.75310249e-01 -1.22766484e+00  5.18645352e-01  1.28067160e+00
  -1.06328571e+00  6.16729661e-01  5.86653693e-02 -4.77181629e-01
  -1.61465871e-01  9.82803564e-01  2.14437586e-01  5.85060056e-01
  -1.16215831e+00 -1.04434137e+00 -1.00804049e+00 -1.25683135e+00
   7.61483558e-01  9.01801409e-01 -3.62146332e-01 -3.24755336e-01]
 [-3.44881853e-01 -3.96839640e-01  1.49917257e+00 -1.18486313e+00
   2.07750988e-01 -1.41696983e+00 -6.63954122e-01  1.83612015e+00
   1.07244721e+00  5.84098472e-02 -2.06883439e+00 -7.72907543e-02
  -1.35325653e-02  1.02687999e+00 -1.95532110e-01 -4.53434233e-01
  -2.30244246e-01  1.02715384e+00 -1.17417306e+00  5.93085236e-01]
 [-2.00768147e+00 -1.34896606e-01 -6.00806677e-01  1.93474068e+00
  -9.16231317e-01 -1.00776273e+00 -6.91924310e-01  1.92894594e-01
  -7.55528365e-02 -1.35444230e+00  6.10620860e-01 -3.70911480e-01
   9.47536006e-01  9.20675997e-01  1.70589640e+00  1.49013734e-01
   1.34572181e+00  4.37691592e-01  8.11974723e-01 -3.90095106e-02]
 [ 5.79973096e-01  4.81601251e-02 -8.75143584e-01  1.01363285e+00
   5.43165507e-01 -9.48483616e-01 -6.75906558e-01  5.94302834e-01
  -3.44832925e-02  3.18127891e-01  7.76209659e-01  1.42820073e+00
  -7.54933265e-01 -1.50109043e-01 -2.96686412e-01  1.10155205e+00
  -2.87666262e+00 -1.60946452e-02 -3.15241468e-01 -1.10732433e+00]
 [ 4.36076191e-01  4.13604091e-01 -4.69071768e-01  4.64686316e-01
   4.09201609e-01  7.58175762e-01 -7.76848277e-01 -2.00442391e+00
  -1.31147702e+00  4.29576623e-01 -3.90189839e-01  3.12431032e-01
   2.70693268e-01 -1.12666763e+00  4.09470236e-03 -1.96993384e-01
  -7.21400386e-01 -2.76140523e+00  1.35502042e+00  3.88944730e-01]
 [ 9.31890838e-02 -1.04499745e-02 -7.48636397e-01 -3.27382382e-01
  -3.11736232e-01 -3.76291097e-01  3.35768054e-01 -1.06777627e-02
   1.17960506e-01  3.44801176e-01 -1.31729096e+00 -1.08043838e+00
   5.12004335e-01  4.04747782e-01  1.14165550e+00  6.63069744e-01
   1.87510298e+00  5.77444061e-01  8.00868036e-02 -1.94345777e-01]
 [-4.77163606e-02 -1.59056444e-01 -9.93148032e-02 -1.04935462e+00
  -2.51145280e+00  1.12523773e-01 -4.81749361e-01 -4.83362169e-01
  -9.96553834e-01 -1.87410587e+00 -6.87519534e-01 -2.72321314e-01
   2.15178007e-01  9.61141643e-01  8.25777454e-01 -4.23235269e+00
   1.49301231e-01  1.12145165e+00 -1.16968463e-01 -2.43523414e-01]
 [ 7.30408874e-01  5.55234582e-01 -6.31541302e-01  1.62230435e+00
  -3.26139017e-01  5.34305258e-01  2.19944460e-01 -1.85418938e+00
   1.19347037e+00 -2.97349605e-01  2.88828520e-01  1.02607219e-01
  -6.99185459e-01  6.13883537e-01 -3.51363306e-01 -1.51727857e+00
  -5.85850022e-02  2.33200968e-02 -3.57490451e-01  7.88162280e-01]
 [-1.24059059e+00  1.83562430e-01 -5.90836620e-01 -1.78514862e-01
   1.25986561e+00  8.12424019e-02  1.43317676e-01  2.40838683e-01
   4.61642628e-01  7.58014777e-01  8.93907772e-01  1.33530736e+00
  -7.70443223e-01 -9.99141792e-01  1.60513220e+00 -2.19613265e+00
   1.13243428e+00 -1.45863637e+00  1.02625205e+00 -3.73350536e-01]]

[[ 1.02196039  0.04398881  0.05319274  0.2117306  -1.27608967  0.71808801
  -0.11793401 -0.05586959  0.59523591  1.56620688]
 [-1.25914685 -0.06046646 -1.61344722  1.18291912 -0.8891663   0.34229139
   0.24269409 -0.1116877  -0.40056138 -0.03505045]
 [ 0.62452603  2.05765957 -0.86814937  1.0678169  -1.15768695  0.93282154
  -0.78862486 -0.15009254  1.88838833 -1.60512241]
 [ 0.40389983 -0.96174543 -0.57124028 -0.2911837   0.13082257 -2.25493952
  -0.32262998 -1.95317964  0.89258944 -0.70872161]
 [ 0.9741313  -0.81461638 -0.75748479  0.51442041  0.79827347 -0.33150103
   0.73416263 -0.83688211  0.50140978 -0.07844123]
 [-0.60859506 -1.39269425 -0.44562954 -1.50929451 -0.08438526  0.94335507
  -1.29465852  0.56609005  1.11221342  1.16943051]
 [ 0.85927322  0.67423706 -0.8237747   0.36406009  0.30244611 -1.31694526
   0.54006556 -0.31771167 -0.81289543 -0.3005308 ]
 [-0.21745793  0.72638115  1.30801105 -0.63070738  0.85677193 -0.95298677
  -1.67123802  2.24156269 -1.08925892  0.03301338]
 [ 1.28787314  1.53286887 -1.09655766 -1.39273361  0.03729722  0.54456946
  -1.0564663   1.88498009 -0.43949966 -0.76721736]
 [-0.01085379  0.52324373 -0.79798452  2.17582486  0.61866401  0.40171649
  -0.49127817 -0.92884745 -0.66102639 -0.82904262]
 [-0.17902542  0.8025318  -0.02258846 -2.67491262  1.02028648 -0.50083574
  -1.16777838 -0.03388985  0.55279139 -0.79796048]
 [ 0.06764054 -0.47786564  2.39644751  0.44379085 -1.36749764  1.70946924
   0.04293973 -0.60102519  0.27539009  0.72742304]
 [-0.4858779  -0.72588004 -0.12334251 -1.59271727 -0.18469683 -1.81215444
  -1.55577553 -0.23095241 -1.10876575 -0.37855699]
 [-1.54735499 -0.8573321   0.15957241 -1.89231967  1.15301012 -0.21592113
   0.3798484   0.55543655 -0.35686754  1.75860138]
 [ 0.28990569 -0.19017508  1.01508369 -1.00388679 -0.43691304 -1.88820915
   0.59179776 -0.83826871  0.15343102 -0.7765738 ]
 [ 0.75150277 -0.83448301 -0.39012782 -1.33185144 -0.67308028  0.78414244
  -0.36800009 -3.1424494   0.03776489 -0.61806245]
 [-0.02013141  0.83149406  0.83815126  0.73812776  0.17853832 -0.35396391
  -0.46648261  0.97535172  0.75923483  0.76964944]
 [-1.11317392  1.02245139 -1.45171983  1.27320539  0.06294818 -0.54105097
   0.29984439 -0.30722155  1.19061119 -0.20470876]
 [-0.97904129  1.56396    -0.06257     0.79269817  0.71921325 -0.18177336
   0.13981991 -0.43730505 -0.5585643  -0.89063507]
 [ 0.08077934  1.23476379 -1.30642522 -0.3973808   0.02763265 -0.49524352
  -0.65224582  1.19055336 -0.63435085 -0.66577032]]

[[-1.34166359 -1.09174736 -0.98816944  0.02091068 -0.29072704 -1.67911921]
 [ 1.21688476 -0.02254102  0.55530201 -0.01541726 -0.47550895  0.91163684]
 [ 0.14032481  1.30725291  0.33777809  0.7132404   0.41809073  0.64458308]
 [ 0.30568037  0.35511916 -1.96638261  1.55231494 -0.60740816  0.80478651]
 [ 0.84496708  0.5614358   0.15710202  0.70986777 -0.32101569  0.63813568]
 [-1.01564998  0.27614958 -0.56744311  0.81778316  0.15102451 -0.15025332]
 [ 0.46947641  0.42084662 -0.03082693  0.2419305   2.17402181  0.30344663]
 [ 0.4711964  -2.46238728  0.61870935  0.49834276 -1.55287428 -3.56639182]
 [-1.4867845   1.84436959 -1.25407589  0.23396241 -0.22971272 -0.76669902]
 [-0.25721924 -0.11560494  0.17634961 -0.64840028  1.42987311  0.03817866]]